0
5
0
0
0
0
0
0
0
0
0
0
0
0
0
0
0
0
0
0
0
0
0
0
3
0
0
0
0
0
0
0
0
0
0
0
0
0
0
0
3
0
0
0
0
3
0
16
10
0
0
0
0
0
24
1
0
0
0
13
1
0
3
0
0
0
0
0
0
0
0
0
0
0
0
0
0
0
0
0
0
0
0
0
0
0
0
0
0
1
0
0
0
0
0
0
1
0
0
0
0
0
0
0
0
0
0
0
0
0
0
0
0
0
0
0
0
0
0
0
0
0
0
0
0
0
0
0
0
0
0
0
0
27
15
0
14
0
0
0
0
0
0
0
0
0
0
1
0
1
12
5
0
1
0
2
0
1
1
0
0
0
0
0
0
1
0
0
0
0
3
0
0
0
0
0
3
0
0
0
1
9
0
0
0
0
0
0
0
0
0
0
0
0
0
0
0
0
0
0
0
0
0
0
2
0
0
0
0
0
0
0
0
0
12
1
0
0
0
0
0
0
0
0
0
0
0
0
1
0
0
0
0
0
0
0
0
0
0
0
0
0
0
0
0
0
0
0
0
0
0
0
0
0
0
0
0
2
0
0
0
0
0
0
0
0
0
0
2
0
0
0
0
0
0
0
0
2
0
0
0
0
0
0
0
0
0
0
0
0
0
0
0
0
0
0
0
0
0
0
0
0
0
0
3
3
0
4
0
0
16
48
0
0
0
0
0
0
0
0
0
0
0
0
0
0
0
1
0
0
1
0
0
0
0
0
0
0
0
0
1
0
0
0
0
0
0
0
0
0
0
1
1
0
2
0
0
0
0
0
0
0
0
0
0
0
0
0
0
0
1
2
0
3
0
0
2
0
0
0
0
5
10
0
0
0
0
2
0
0
0
0
0
0
0
0
0
0
0
0
0
0
0
1
0
11
0
0
0
2
0
2
6
0
0
1
0
0
0
0
0
1
0
1
0
0
0
0
0
0
0
0
0
0
59
0
0
0
0
0
0
1
0
0
0
0
2
0
0
0
0
0
0
0
0
0
0
0
0
0
0
0
0
0
0
4
0
0
0
0
0
1
0
0
0
0
0
0
0
0
0
0
2
1
0
0
0
0
2
0
2
0
0
0
0
0
0
0
0
0
0
0
0
0
0
0
0
0
0
0
0
0
0
2
0
0
0
0
0
0
0
0
0
0
0
0
0
0
0
0
0
0
0
0
0
0
0
0
0
0
0
0
0
0
0
0
0
2
0
0
0
0
0
0
0
0
0
0
0
0
2
2
0
10
2
3
6
1
9
5
0
0
0
0
5
0
0
1
0
0
0
3
0
0
0
0
3
1
0
0
0
0
0
0
0
0
0
0
0
2
0
0
0
2
2
0
2
0
1
0
0
0
2
2
2
4
5
9
3
6
32
0
3
3
3
1
72
1
9
21
8
1
1
1
4
1
3
1
1
0
3
0
2
4
2
0
0
0
1
0
0
0
3
3
3
3
2
0
0
0
1
0
0
0
0
0
6
0
0
0
4
2
1
2
3
9
0
0
0
1
0
0
0
0
0
0
0
0
1
1
1
1
1
1
1
12
0
0
3
0
0
1
1
1
2
1
57
51
37
0
0
2
0
0
2
0
12
17
0
0
8
0
1
0
0
0
3
1
1
5
0
0
0
8
0
0
0
0
2
0
0
2
1
0
1
4
1
2
3
0
0
0
0
0
2
4
10
2
0
1
0
0
0
0
0
0
0
0
0
0
0
26
41
34
5
17
0
0
0
0
0
0
0
0
2
12
2
5
3
3
0
1
0
0
1
3
0
0
0
0
0
0
0
0
0
0
3
3
0
1
0
1
0
0
0
3
0
0
2
0
6
0
2
1
2
3
3
19
15
3
0
0
0
0
0
0
0
4
1
1
3
0
1
0
0
0
3
0
2
0
3
0
0
1
0
0
0
1
0
0
0
2
0
0
0
0
0
0
0
0
0
0
0
6
8
0
27
1
0
1
0
0
0
1
1
2
0
0
0
0
0
0
0
4
0
0
0
0
2
0
0
0
0
0
0
0
0
0
0
2
1
2
0
0
0
0
0
0
25
0
0
1
0
0
0
0
0
4
0
10
0
48
0
3
0
0
0
0
2
2
3
2
2
4
29
2
2
2
0
2
4
0
0
1
5
3
3
3
3
1
2
5
1
4
4
4
3
0
1
1
4
1
1
2
2
1
0
0
0
2
2
0
0
0
0
0
0
0
0
0
0
2
1
0
0
0
2
2
0
2
0
0
0
0
0
2
1
0
0
0
0
2
0
1
0
1
0
3
0
0
1
0
0
0
0
0
3
0
0
0
0
0
0
0
0
0
0
0
2
0
0
0
0
0
0
0
12
1
0
0
0
2
25
1
2
2
0
0
0
0
0
0
0
0
0
0
0
0
0
0
0
23
0
0
0
0
0
2
0
0
2
0
2
2
0
0
0
5
0
0
0
0
0
0
0
0
2
0
0
0
2
2
2
2
2
2
2
1
1
1
1
1
1
1
1
1
1
1
1
1
1
1
1
1
2
2
2
2
2
2
2
3
2
6
2
1
2
9
0
0
0
0
0
0
0
0
0
0
3
3
0
1
6
9
7
0
0
0
2
1
7
2
0
6
0
1
0
0
0
0
0
0
1
2
0
0
0
0
0
2
2
0
0
2
4
2
2
2
0
12
2
4
5
2
2
0
2
0
0
5
0
2
13
0
0
4
0
2
0
0
0
0
0
0
1
0
0
2
2
1
1
0
1
4
0
0
0
0
0
0
0
0
0
0
0
0
0
2
0
0
0
0
0
2
4
2
2
1
2
2
1
0
0
2
0
0
0
0
0
7
0
6
2
0
3
4
0
0
0
0
0
0
0
0
0
0
0
0
0
0
0
3
3
1
0
6
2
2
0
0
0
0
0
0
0
0
0
0
0
0
0
0
0
0
0
0
0
0
0
0
0
0
0
2
0
0
0
0
0
0
0
0
0
4
8
0
0
162
0
0
0
4
1
77
6
141
0
96
1
984
225
9
205
19
7
3
